857349621432861597619752843271583964945126378386497215768915432194238756523674189
857349621432861597619752843271583964945126378386497215768915432194238756523674189
857349621432861597619752843271583964945126378386497215768915432194238756523674189

867351924143829765295746813318472596724695138956138247489513672672984351531267489
867351924143829765295746813318472596724695138956138247489513672672984351531267489


815369724294718653736524981387645192142897536659231478921453867568172349473986215
815369724294718653736524981387645192142897536659231478921453867568172349473986215


369784521187592436452613798746821953823965147591347682275436819914278365638159274
369784521187592436452613798746821953823965147591347682275436819914278365638159274








Programa:
857349621432861597619752843271583964945126378386497215768915432194238756523674189
867351924143829765295746813318472596724695138956138247489513672672984351531267489
815369724294718653736524981387645192142897536659231478921453867568172349473986215
497185623312649857586732941138596472975214386264873519829357164641928735753461298
369784521187592436452613798746821953823965147591347682275436819914278365638159274
879543621523716489641829735385194267792638514164257893956481372418372956237965148
758439621194726358326158497879514263632897145415362789547681932981243576263975814
827456931461923587395817624984361752713592846256748319649185273532674198178239465



Professor:
857349621432861597619752843271583964945126378386497215768915432194238756523674189
867351924143829765295746813318472596724695138956138247489513672672984351531267489
815369724294718653736524981387645192142897536659231478921453867568172349473986215
497185623312649857586732941138596472975214386264873519829357164641928735753461298
369784521187592436452613798746821953823965147591347682275436819914278365638159274
879543621523716489641829735385194267792638514164257893956481372418372956237965148
758439621194726358326158497879514263632897145415362789547681932981243576263975814
827456931461923587395817624984361752713592846256748319649185273532674198178239465



Top50
857349621432861597619752843271583964945126378386497215768915432194238756523674189
867351924143829765295746813318472596724695138956138247489513672672984351531267489
815369724294718653736524981387645192142897536659231478921453867568172349473986215
497185623312649857586732941138596472975214386264873519829357164641928735753461298
369784521187592436452613798746821953823965147591347682275436819914278365638159274
879543621523716489641829735385194267792638514164257893956481372418372956237965148
758439621194726358326158497879514263632897145415362789547681932981243576263975814
827456931461923587395817624984361752713592846256748319649185273532674198178239465
819365724254718693736924581187546932342897156695231478921453867568172349473689215
837469521451382769269751843743918652186245397925637184612593478578124936394876215
549728613328561497716493825183654972957832146264179358892347561671985234435216789
498165723312749658567832941136597482285614397974283516629358174741926835853471269
826375914975481326413269857742913685651728493389654271164592738238147569597836142
927456831461823597385719624698341752713562948254978316549187263832694175176235489
596872314318465279724319658943721865167598423285634791471986532652143987839257146
785641923916832547423759861347128659258396714169475238834567192572914386691283475
659478123382651974417923865534182796726539481891764532173295648265847319948316257
678453921351829674294167538463591782725638149819274356132945867586712493947386215
568129437932647851417358962679235184245871693381496725724963518893514276156782349
562874913839215647174639582345761298728953461916482375283196754651347829497528136
715984623936572481248163795124357968367498152589216347672839514453621879891745236
184259637937641528652837914465183792271965483893724165346518279529376841718492356
768341952259786341134529768813652479597134826642978513476293185981465237325817694
695184732713629845428375916349751268572468193861293457254937681186542379937816524
389756421471932658526841937168295743932467815745183296293618574814579362657324189
826573941194862375753941826489715632672384519531296487315429768967138254248657193
965348721482671359173295486854712963736589142291436578518964237349827615627153894
869573421527841396134692875752319648348726519916485732671954283283167954495238167
946528731817934526325176948463792815189365274572841369731459682658213497294687153
589437621614285937273916485928543716137869254456721893395672148862154379741398562
763294851195836427428715963346572189251389674987641532579128346812463795634957218
248967315517832946693154287426593871359781462781426593175249638864315729932678154
753846921961523487284197536415372869678914352329685174132468795597231648846759213
487195623319642857526738941132586479975214386864973512298357164641829735753461298
827456931491723586365819724948371652713562849256948317674185293532694178189237465
278649513956831472314572896532467981167298345489153267893726154741385629625914738
789645123423819567165327948854732691316598472297164385672451839931286754548973216
348756921971432658526891437169285743432967815785143296293618574814579362657324189
819536427742891635536247891273485916698123574451769283964312758187954362325678149
879625431261743895453198627538972164627451389914836752382514976745369218196287543
964237815182459376357861429891376254725184963436592187548723691219645738673918542
594186723638729154127345986746938512251674839389512467875293641963451278412867395
978653421316427598254198367731562984649831752825749136583214679462975813197386245
687453921351729684294168537769581342825634179413297856132945768576812493948376215
471926835239185467586734921943618752168257349725493618314872596697541283852369174
154827936637195428289346751425913687961758243873462195516234879348679512792581364
826375914795481326413269857942713685651928473387654291164592738238147569579836142
325748619146259387978136452591672834862413795734985126413597268289364571657821943
465971832813246759972835641159367428284519376637428915526783194748192563391654287
865347921472691358193285476754912863639578142281436597517864239348729615926153784




BACKTRACKING:
857349621432861597619752843271583964945126378386497215768915432194238756523674189
867351924143829765295746813318472596724695138956138247489513672672984351531267489
815369724294718653736524981387645192142897536659231478921453867568172349473986215
497185623312649857586732941138596472975214386264873519829357164641928735753461298
369784521187592436452613798746821953823965147591347682275436819914278365638159274
879543621523716489641829735385194267792638514164257893956481372418372956237965148
758439621194726358326158497879514263632897145415362789547681932981243576263975814
827456931461923587395817624984361752713592846256748319649185273532674198178239465
819365724254718693736924581187546932342897156695231478921453867568172349473689215
837469521451382769269751843743918652186245397925637184612593478578124936394876215
549728613328561497716493825183654972957832146264179358892347561671985234435216789
498165723312749658567832941136597482285614397974283516629358174741926835853471269
826375914975481326413269857742913685651728493389654271164592738238147569597836142
927456831461823597385719624698341752713562948254978316549187263832694175176235489
596872314318465279724319658943721865167598423285634791471986532652143987839257146
785641923916832547423759861347128659258396714169475238834567192572914386691283475
659478123382651974417923865534182796726539481891764532173295648265847319948316257
678453921351829674294167538463591782725638149819274356132945867586712493947386215
568129437932647851417358962679235184245871693381496725724963518893514276156782349
562874913839215647174639582345761298728953461916482375283196754651347829497528136
715984623936572481248163795124357968367498152589216347672839514453621879891745236
184259637937641528652837914465183792271965483893724165346518279529376841718492356
768341952259786341134529768813652479597134826642978513476293185981465237325817694
695184732713629845428375916349751268572468193861293457254937681186542379937816524
389756421471932658526841937168295743932467815745183296293618574814579362657324189
826573941194862375753941826489715632672384519531296487315429768967138254248657193
965348721482671359173295486854712963736589142291436578518964237349827615627153894
869573421527841396134692875752319648348726519916485732671954283283167954495238167
946528731817934526325176948463792815189365274572841369731459682658213497294687153
589437621614285937273916485928543716137869254456721893395672148862154379741398562
763294851195836427428715963346572189251389674987641532579128346812463795634957218
248967315517832946693154287426593871359781462781426593175249638864315729932678154
753846921961523487284197536415372869678914352329685174132468795597231648846759213
487195623319642857526738941132586479975214386864973512298357164641829735753461298
827456931491723586365819724948371652713562849256948317674185293532694178189237465
278649513956831472314572896532467981167298345489153267893726154741385629625914738
789645123423819567165327948854732691316598472297164385672451839931286754548973216
348756921971432658526891437169285743432967815785143296293618574814579362657324189
819536427742891635536247891273485916698123574451769283964312758187954362325678149
879625431261743895453198627538972164627451389914836752382514976745369218196287543
964237815182459376357861429891376254725184963436592187548723691219645738673918542
594186723638729154127345986746938512251674839389512467875293641963451278412867395
978653421316427598254198367731562984649831752825749136583214679462975813197386245
687453921351729684294168537769581342825634179413297856132945768576812493948376215
471926835239185467586734921943618752168257349725493618314872596697541283852369174
154827936637195428289346751425913687961758243873462195516234879348679512792581364
826375914795481326413269857942713685651928473387654291164592738238147569579836142
325748619146259387978136452591672834862413795734985126413597268289364571657821943
465971832813246759972835641159367428284519376637428915526783194748192563391654287
865347921472691358193285476754912863639578142281436597517864239348729615926153784



ERRO
869573421527841396134692875752319648348726519916485732671954283283167954495238167
869573221527841396134692875752319648348726519916485732671954283283167954495238167